0001
0002
0004
0005
0006
0010
0011
0012
0020
0026
0029
0031
0032
0033
0034
0035
0036
0037
0038
0039
0040
0041
0042
0043
0044
0046
0047
0048
0049
0051
0052
0053
0054
0055
0056
0057
0059
0060
0061
0063
0064
0065
0066
0067
0068
0069
0070
0071
0072
0073
0075
0076
0078
0081
0083
0084
0086
0087
0088
0089
0090
0091
0092
0093
0095
0098
0099
0100
0101
0104
0105
0106
0107
0109
0110
0111
0112
0113
0114
0115
0117
0120
0121
0122
0125
0127
0128
0129
0130
0131
0133
0134
0135
0136
0137
0142
0143
0145
0146
0147
0148
0149
0150
0151
0152
0153
0154
0155
0156
0157
0159
0161
0162
0163
0165
0166
0167
0168
0170
0171
0172
0174
0175
0176
0177
0178
0180
0181
